SELECT * FROM produtos WHERE nome ILIKE 'l____';

SELECT COUNT(id) quandidade_pedidos FROM pedidos;

SELECT min(total_pedido) FROM pedidos;

SELECT ROUND (avg(total_pedido),2) FROM pedidos;

(1, 1, 1, 25.00, 10, 5),
(1, 2, 2, 13.00, 3),
(1, 3, 3, 15.00, 2),
(1, 4, 4, 10.00, 1),
(1, 5, 5, 30.00, 1),
(2, 1, 3, 15.00, 4),
(2, 2, 4, 10.00, 5),
(2, 3, 5, 30.00, 7),
(3, 1, 1, 25.00, 5),
(3, 2, 4, 10.00, 4),
(3, 3, 5, 30.00, 5),
(3, 4, 2, 13.50, 7),
(4, 1, 5, 30.00, 10, 15),
(4, 2, 4, 10.00, 12, 5),
(4, 3, 1, 25.00, 13, 5),
(4, 4, 2, 13.00, 15, 5),
(5, 1, 3, 15.00, 3),
(5, 2, 5, 30.00, 6),
(6, 1, 1, 25.00, 22, 15),
(6, 2, 3, 15.00, 25, 20),
(7, 1, 1, 25.00, 10, 3),
(7, 2, 2, 13.50, 10, 4),
(7, 3, 3, 15.00, 10, 4),
(7, 4, 5, 30.00, 10, 1),
